[[3.456961027294817, 0.3656766513006809, 0.2891626838037988, -0.19030553493504668, 0.13156460617789795, -0.07410102364742567, 0.056793563302553716, 0.0194487445213972, -0.020569144875669555, -0.017811308915278837, 0.01078996341290649, -0.008846941292200724, -0.0015985332265076977, 0.0046123811378786204, 0.0031511943413312874, -0.006065200125492583, -0.001682640131027649, -0.0004566484284913627, 0.002929388713712272, 0.0005602155681103401, 0.0003329904997562077], [0.3656766513006809, 1.7537643267676917, -0.18504724013035648, 0.04618288964712058, 0.10774704964235722, -0.019346466654825752, -0.01768070388212462, 0.006275960672238909, -0.008965010833577263, -0.013685568563277958, 0.009314332816271463, 0.006731435417136316, 0.0008186504763171414, -0.007452303490576955, 0.00020184813760695314, -0.0020734819072695523, -0.00012388935214583627, -0.0005110211407562018, -0.0013236823256765962, -0.0005821699855644261, 0.00046086230998663584], [0.2891626838037988, -0.18504724013035648, 1.0455168393776741, 0.1040906017762732, -0.05143634169896491, -0.04970795810677658, 0.006647814172159892, 0.0006661949489290275, 0.023203616599192952, 0.005919438110350044, -0.0020962615342533563, -0.009161537481533462, 0.0034810334104221903, -0.0024971757805927813, 0.00019348904209252812, 0.0016802495225868594, 9.575492899104488e-05, 0.00020097277566195448, 0.0018257861408925101, 5.5838792214941545e-05, 0.0007853877205447093], [-0.19030553493504668, 0.04618288964712058, 0.1040906017762732, 0.46158108059254704, -0.08232438098993025, -0.027595076277536247, 0.008318763342929957, 0.00860228477373125, 0.007638958873012811, 0.002150702018179335, 0.0023114348261642926, 0.0011782759670009078, 0.00035443932402918083, -0.0026962581774948955, 9.867216118637575e-05, -0.0006877394909369884, -0.00031760241495510917, 0.0007619841486510046, 0.0005212719918006138, 0.00039495811427709706, 0.0006191581446910214], [0.13156460617789795, 0.10774704964235722, -0.05143634169896491, -0.08232438098993025, 0.26539349268165685, 0.018066866406356224, 0.004189632134764654, 0.021288684751452725, 7.105267639311037e-05, -0.007619914911769515, 0.0027363482734130465, -0.00324860658355461, -0.00132043980734656, 0.00016942869570116213, -0.0004132407364556826, -0.0006945123485441339, 0.0007727362043827073, 0.00018436618923722435, 0.00014468188012783175, 8.767200223955149e-05, -0.0003363257733497653], [-0.07410102364742567, -0.019346466654825752, -0.04970795810677658, -0.027595076277536247, 0.018066866406356224, 0.12688928265337646, -0.014178708766359079, 0.00445329536569343, -0.007156486422708179, -0.0027258360422018073, -0.0009611028938267927, -0.002013751070458759, 0.0005040967276732375, -1.7399785961087514e-05, -0.00024500676088588135, 0.000420179926893694, -0.0004718695980469229, -0.0003306313899456017, -0.00031523807744439624, 0.00013622259680693598, -0.00017842456339871546], [0.056793563302553716, -0.01768070388212462, 0.006647814172159892, 0.008318763342929957, 0.004189632134764654, -0.014178708766359079, 0.05328113666334304, 0.0005729570651496739, -0.0008840336871612285, 0.0013152730236288108, -0.000708754102963462, -0.0005459608844200251, -0.0012999538420851167, 9.901020127169114e-06, -0.00028390250673369374, -0.00034532822569865486, -0.00014206637578336668, 4.0398851512601534e-05, 0.00014558709290240926, 9.387842462537171e-05, 0.00011559709190881644], [0.0194487445213972, 0.006275960672238909, 0.0006661949489290275, 0.00860228477373125, 0.021288684751452725, 0.00445329536569343, 0.0005729570651496739, 0.028022457007788482, 0.0011205777276088237, 0.00043237241040347584, -0.0005393731530367206, -6.627166840737019e-05, -0.00038740275178629756, 0.0006722013177241483, -0.0009380823194055801, -0.00013032212791151836, 6.574215544467172e-05, -0.0003285092178050578, -2.5258250143308005e-05, 9.593738817752593e-05, 0.00010231303484280707], [-0.020569144875669555, -0.008965010833577263, 0.023203616599192952, 0.007638958873012811, 7.105267639311037e-05, -0.007156486422708179, -0.0008840336871612285, 0.0011205777276088237, 0.015593692783432079, 0.003062952374099246, 0.0010344961495658122, 0.0012928380941899507, 0.00024127301036305202, -0.00011392788856808713, 4.087197845813954e-05, 0.00016460091797434486, 0.00013442031340048282, 5.619440778903479e-05, 0.00010879225780036837, 3.933800125603065e-05, -3.315446277747212e-05], [-0.017811308915278837, -0.013685568563277958, 0.005919438110350044, 0.002150702018179335, -0.007619914911769515, -0.0027258360422018073, 0.0013152730236288108, 0.00043237241040347584, 0.003062952374099246, 0.0072543589175962314, -9.25769770887156e-06, 0.0011405368478682716, -0.00021849526405455969, -4.421958020836926e-05, -5.2652435775098586e-05, 7.129311815508365e-05, -4.4339175428527164e-05, 3.310244229223757e-05, 2.7565016131029012e-05, 5.063293099542285e-05, -1.5277224973753175e-05], [0.01078996341290649, 0.009314332816271463, -0.0020962615342533563, 0.0023114348261642926, 0.0027363482734130465, -0.0009611028938267927, -0.000708754102963462, -0.0005393731530367206, 0.0010344961495658122, -9.25769770887156e-06, 0.004962313665198421, 0.0004742046469947308, -0.0001284388687137075, -0.00019347844993241695, 0.00022087141942625992, 0.00015014204523646103, 2.829072629228248e-05, -0.00011134969949429461, 4.802096612042985e-06, -1.742848155193847e-05, -5.402373938015529e-06], [-0.008846941292200724, 0.006731435417136316, -0.009161537481533462, 0.0011782759670009078, -0.00324860658355461, -0.002013751070458759, -0.0005459608844200251, -6.627166840737019e-05, 0.0012928380941899507, 0.0011405368478682716, 0.0004742046469947308, 0.0022762613925068173, -3.5042012009164755e-05, -0.00012572846302989326, -3.901399529770276e-05, -4.377929576841803e-05, 7.665081426178265e-06, -4.7602578461560644e-05, 5.2530024525207894e-05, 1.1041160572694308e-05, 9.290563417922886e-06], [-0.0015985332265076977, 0.0008186504763171414, 0.0034810334104221903, 0.00035443932402918083, -0.00132043980734656, 0.0005040967276732375, -0.0012999538420851167, -0.00038740275178629756, 0.00024127301036305202, -0.00021849526405455969, -0.0001284388687137075, -3.5042012009164755e-05, 0.0008834847410028415, 4.065567253567384e-05, -4.221422006635737e-05, 0.00010862949399263786, 9.681722228237381e-05, 2.6526868384556242e-05, 1.8818546537470545e-05, 2.8515448146611967e-06, 1.3694344735560629e-05], [0.0046123811378786204, -0.007452303490576955, -0.0024971757805927813, -0.0026962581774948955, 0.00016942869570116213, -1.7399785961087514e-05, 9.901020127169114e-06, 0.0006722013177241483, -0.00011392788856808713, -4.421958020836926e-05, -0.00019347844993241695, -0.00012572846302989326, 4.065567253567384e-05, 0.0006977843962901681, 8.87021271079276e-05, 5.579282027814785e-06, -9.577495796804026e-06, 6.493216590048467e-05, -1.2681252695742647e-07, 1.9084215341364232e-05, -6.244971234185719e-06], [0.0031511943413312874, 0.00020184813760695314, 0.00019348904209252812, 9.867216118637575e-05, -0.0004132407364556826, -0.00024500676088588135, -0.00028390250673369374, -0.0009380823194055801, 4.087197845813954e-05, -5.2652435775098586e-05, 0.00022087141942625992, -3.901399529770276e-05, -4.221422006635737e-05, 8.87021271079276e-05, 0.0003680636292597081, 6.045121745224717e-05, 2.9762768101663273e-06, 3.5060601740779085e-05, 8.907727519207077e-06, 5.812403714660969e-06, -3.550158913381926e-06], [-0.006065200125492583, -0.0020734819072695523, 0.0016802495225868594, -0.0006877394909369884, -0.0006945123485441339, 0.000420179926893694, -0.00034532822569865486, -0.00013032212791151836, 0.00016460091797434486, 7.129311815508365e-05, 0.00015014204523646103, -4.377929576841803e-05, 0.00010862949399263786, 5.579282027814785e-06, 6.045121745224717e-05, 0.0001920915185879582, 3.878526344770446e-05, -9.122453583054731e-07, -3.3551417881319214e-06, 4.126625464869042e-06, -2.6861254699349977e-06], [-0.001682640131027649, -0.00012388935214583627, 9.575492899104488e-05, -0.00031760241495510917, 0.0007727362043827073, -0.0004718695980469229, -0.00014206637578336668, 6.574215544467172e-05, 0.00013442031340048282, -4.4339175428527164e-05, 2.829072629228248e-05, 7.665081426178265e-06, 9.681722228237381e-05, -9.577495796804026e-06, 2.9762768101663273e-06, 3.878526344770446e-05, 0.00012053331770520297, 1.67535613755913e-06, -1.3497239912422122e-05, 1.5892906065230636e-06, 4.266140743564321e-06], [-0.0004566484284913627, -0.0005110211407562018, 0.00020097277566195448, 0.0007619841486510046, 0.00018436618923722435, -0.0003306313899456017, 4.0398851512601534e-05, -0.0003285092178050578, 5.619440778903479e-05, 3.310244229223757e-05, -0.00011134969949429461, -4.7602578461560644e-05, 2.6526868384556242e-05, 6.493216590048467e-05, 3.5060601740779085e-05, -9.122453583054731e-07, 1.67535613755913e-06, 7.93071943575369e-05, 1.0576033590386652e-05, 1.2233325085068119e-05, -3.3468130304201228e-06], [0.002929388713712272, -0.0013236823256765962, 0.0018257861408925101, 0.0005212719918006138, 0.00014468188012783175, -0.00031523807744439624, 0.00014558709290240926, -2.5258250143308005e-05, 0.00010879225780036837, 2.7565016131029012e-05, 4.802096612042985e-06, 5.2530024525207894e-05, 1.8818546537470545e-05, -1.2681252695742647e-07, 8.907727519207077e-06, -3.3551417881319214e-06, -1.3497239912422122e-05, 1.0576033590386652e-05, 5.728357600220216e-05, 9.937361302659125e-06, 8.928932028354405e-06], [0.0005602155681103401, -0.0005821699855644261, 5.5838792214941545e-05, 0.00039495811427709706, 8.767200223955149e-05, 0.00013622259680693598, 9.387842462537171e-05, 9.593738817752593e-05, 3.933800125603065e-05, 5.063293099542285e-05, -1.742848155193847e-05, 1.1041160572694308e-05, 2.8515448146611967e-06, 1.9084215341364232e-05, 5.812403714660969e-06, 4.126625464869042e-06, 1.5892906065230636e-06, 1.2233325085068119e-05, 9.937361302659125e-06, 2.838484786212961e-05, 9.189433204476697e-06], [0.0003329904997562077, 0.00046086230998663584, 0.0007853877205447093, 0.0006191581446910214, -0.0003363257733497653, -0.00017842456339871546, 0.00011559709190881644, 0.00010231303484280707, -3.315446277747212e-05, -1.5277224973753175e-05, -5.402373938015529e-06, 9.290563417922886e-06, 1.3694344735560629e-05, -6.244971234185719e-06, -3.550158913381926e-06, -2.6861254699349977e-06, 4.266140743564321e-06, -3.3468130304201228e-06, 8.928932028354405e-06, 9.189433204476697e-06, 2.682358531477801e-05]]